[[       nan 5.29761411 5.10888574 5.4305327  9.95348678 7.4394598
  7.7897566  5.90069631 7.65708886 5.54667066]
 [5.29761411        nan 9.25761049 8.92499701 5.23157392 7.71011143
  5.57871476 5.51831564 9.19622079 9.89275244]
 [5.10888574 9.25761049        nan 6.26630461 6.7950571  6.02707585
  7.25007097 6.43533829 9.99288444 5.07138291]
 [5.4305327  8.92499701 6.26630461        nan 5.00852595 8.22489302
  7.45933472 7.26855936 7.84830133 9.04476543]
 [9.95348678 5.23157392 6.7950571  5.00852595        nan 9.66172752
  7.47619233 6.2034538  8.43874987 5.4208911 ]
 [7.4394598  7.71011143 6.02707585 8.22489302 9.66172752        nan
  6.36855378 7.20948332 6.46514606 7.55536514]
 [7.7897566  5.57871476 7.25007097 7.45933472 7.47619233 6.36855378
         nan 6.63910647 6.51886014 9.15283632]
 [5.90069631 5.51831564 6.43533829 7.26855936 6.2034538  7.20948332
  6.63910647        nan 5.26844203 8.55997438]
 [7.65708886 9.19622079 9.99288444 7.84830133 8.43874987 6.46514606
  6.51886014 5.26844203        nan 5.79220717]
 [5.54667066 9.89275244 5.07138291 9.04476543 5.4208911  7.55536514
  9.15283632 8.55997438 5.79220717        nan]]